*Directory Code: 
_app/Helpers/Utils.php
_app/Http/Controllers/DroneController.php
_app/Http/Controllers/DroneController.php

Directory unit test: 
_tests/Unit/UtilsTest.php


*Result:

+ level1_1:
476
159
201
169
124
15
153
234
214
98
0


+ level1_2:
131
258
59
12
313
36
264
406
183
68
0


+ level1_3:
202
645
454
217
318
20
82
289
781
115
412
46
208
387
383
443
573
444
216
364
727
54
565
347
939
460
152
107
296
202
300
202
256
313
156
441
139
176
600
277
583
147
205
945
395
165
270
211
845
396
530
464
264
101
343
342
424
742
305
358
403
205
9
426
186
239
295
327
89
320
362
427
402
635
343
174
411
490
565
279
358
417
202
303
345
346
515
349
188
259
40
673
40
156
257
62
271
303
538
736
0


+ level1_4:
745
652
380
191
105
88
87
497
524
310
377
157
299
358
313
349
508
459
136
177
257
17
554
115
397
1077
151
355
531
303
116
543
416
70
142
211
209
150
246
471
93
423
85
684
4
475
625
50
232
114
97
54
472
491
210
11
170
569
139
58
246
61
79
243
461
325
8
611
593
295
533
433
423
363
334
358
201
45
133
741
346
63
229
34
116
234
103
724
406
605
71
60
408
186
455
65
498
110
239
527
0


+ level1_5:
745
652
380
191
105
88
87
497
524
310
377
157
299
358
313
349
508
459
136
177
257
17
554
115
397
1077
151
355
531
303
116
543
416
70
142
211
209
150
246
471
93
423
85
684
4
475
625
50
232
114
97
54
472
491
210
11
170
569
139
58
246
61
79
243
461
325
8
611
593
295
533
433
423
363
334
358
201
45
133
741
346
63
229
34
116
234
103
724
406
605
71
60
408
186
455
65
498
110
239
527
0

